% Script used to generate planets_data.mat

muSun=132712439935; % sun's gravitational parameter
deg = pi/180;
muMercury=22030;
muVenus=324900;
muEarth= 398600;
muMars= 42828;
muJupiter=126686000;
muSaturn=37931000;
muUranus= 5794000;

au = 149597871;

aEarth=au;
aMars=1.52366231 * au;
aJupiter=5.20336301 * au;
aSaturn=9.53707032 * au;  
aUranus=19.19126393 * au; 

radius_Me = 2440;
radius_V = 6052;
radius_E= 6378;
radius_M=3396;
radius_J = 71490;
radius_S = 60270;
radius_U= 25560;

SOI_ME = 112000;
SOI_V = 616000;
SOI_E= 925000;
SOI_M = 577000;
SOI_J = 48200000;
SOI_S = 54800000;
SOI_U = 51800000;